2451544.500000000 = A.D. 2000-Jan-01 00:00:00.0000 TDB 
EC= 1.704239716781501E-02 
QR= 9.833230998788303E-01 
IN= 2.669113820737183E-04
OM= 1.639752443600624E+02 
W = 2.977668064579176E+02 
Tp=  2451546.338324738666
N = 9.850596796562197E-01 
MA= 3.581891404220149E+02 
TA= 3.581260865454548E+02
A = 1.000371833989169E+00 
AD= 1.017420568099508E+00 
PR= 3.654600908298652E+02