2451544.500000000 = A.D. 2000-Jan-01 00:00:00.0000 TDB 
EC= 4.892306013062789E-02
QR= 4.950458747780191E+00 
IN= 1.304655710198700E+00
OM= 1.004888616499889E+02
W = 2.751197061612746E+02 
Tp=  2451318.996401320677
N = 8.303602889129627E-02
MA= 1.872492333502254E+01 
TA= 2.063463625172650E+01
A = 5.205108588228542E+00
AD= 5.459758428676895E+00 
PR= 4.335467444755594E+03