2451544.500000000 = A.D. 2000-Jan-01 00:00:00.0000 TDB 
EC= 9.331460653723893E-02 
QR= 1.381496754044654E+00 
IN= 1.849876609221010E+00
OM= 4.956199966373916E+01 
W = 2.865373577554387E+02 
Tp=  2451508.062864925712
N = 5.240397970650787E-01 
MA= 1.909450886999620E+01 
TA= 2.302024685336155E+01
A = 1.523678184302188E+00 
AD= 1.665859614559721E+00 
PR= 6.869707263001874E+02