2451544.500000000 = A.D. 2000-Jan-01 00:00:00.0000 TDB 
EC= 5.559928905426524E-02 
QR= 9.048730075092354E+00 
IN= 2.484368776855571E+00
OM= 1.136930136073910E+02 
W = 3.359006487952452E+02 
Tp=  2452736.556164968293
N = 3.323679488863530E-02 
MA= 3.203798737492232E+02 
TA= 3.160917715659606E+02
A = 9.581451994070232E+00 
AD= 1.011417391304811E+01 
PR= 1.083136930640370E+04